x	y	
0	0	
0	0	
0	0	
0	0	
0	0	
0	0	
0	0	
0	0	
0	0	
0	0	
0	0	
109	-142	
109	-142	
109	-142	
109	-142	
109	-142	
109	-142	
109	-142	
109	-142	
109	-142	
109	-142	
109	-142	
109	-142	
109	-142	
109	-142	
109	-142	
109	-142	
109	-142	
109	-142	
109	-142	
109	-142	
109	-142	
109	-142	
109	-142	
109	-142	
109	-142	
132	-211	
132	-211	
132	-211	
132	-211	
132	-211	
132	-211	
132	-211	
132	-211	
132	-211	
132	-211	
132	-211	
132	-211	
132	-211	
132	-211	
132	-211	
132	-211	
132	-211	
132	-211	
132	-211	
132	-211	
132	-211	
132	-211	
132	-211	
132	-211	
132	-211	
132	-211	
132	-211	
96	-160	
96	-160	
96	-160	
96	-160	
96	-160	
96	-160	
96	-160	
96	-160	
96	-160	
96	-160	
96	-160	
96	-160	
96	-160	
96	-160	
96	-160	
96	-160	
96	-160	
96	-160	
96	-160	
96	-160	
96	-160	
96	-160	
96	-160	
96	-160	
140	-222	
140	-222	
140	-222	
140	-222	
140	-222	
140	-222	
140	-222	
140	-222	
140	-222	
140	-222	
140	-222	
140	-222	
140	-222	
140	-222	
140	-222	
140	-222	
140	-222	
140	-222	
140	-222	
140	-222	
140	-222	
140	-222	
140	-222	
140	-222	
140	-222	
140	-222	
97	-184	
97	-184	
97	-184	
97	-184	
97	-184	
97	-184	
97	-184	
97	-184	
97	-184	
97	-184	
97	-184	
97	-184	
97	-184	
97	-184	
97	-184	
97	-184	
97	-184	
97	-184	
97	-184	
97	-184	
97	-184	
97	-184	
97	-184	
97	-184	
97	-184	
155	-218	
155	-218	
155	-218	
155	-218	
155	-218	
155	-218	
155	-218	
155	-218	
155	-218	
155	-218	
155	-218	
155	-218	
155	-218	
155	-218	
155	-218	
155	-218	
155	-218	
155	-218	
155	-218	
155	-218	
155	-218	
155	-218	
155	-218	
155	-218	
155	-218	
96	-200	
96	-200	
96	-200	
96	-200	
96	-200	
96	-200	
96	-200	
96	-200	
96	-200	
96	-200	
96	-200	
96	-200	
96	-200	
96	-200	
96	-200	
96	-200	
96	-200	
96	-200	
96	-200	
96	-200	
96	-200	
96	-200	
96	-200	
96	-200	
96	-200	
96	-200	
165	-201	
165	-201	
165	-201	
165	-201	
165	-201	
165	-201	
165	-201	
165	-201	
165	-201	
165	-201	
165	-201	
165	-201	
165	-201	
165	-201	
165	-201	
165	-201	
165	-201	
165	-201	
165	-201	
165	-201	
165	-201	
165	-201	
165	-201	
165	-201	
165	-201	
165	-201	
94	-206	
94	-206	
94	-206	
94	-206	
94	-206	
94	-206	
94	-206	
94	-206	
94	-206	
94	-206	
94	-206	
94	-206	
94	-206	
94	-206	
94	-206	
94	-206	
94	-206	
94	-206	
94	-206	
94	-206	
94	-206	
94	-206	
94	-206	
169	-180	
169	-180	
169	-180	
169	-180	
169	-180	
169	-180	
169	-180	
169	-180	
169	-180	
169	-180	
169	-180	
169	-180	
169	-180	
169	-180	
169	-180	
169	-180	
169	-180	
169	-180	
169	-180	
169	-180	
169	-180	
169	-180	
169	-180	
169	-180	
169	-180	
169	-180	
169	-180	
96	-199	
96	-199	
96	-199	
96	-199	
96	-199	
96	-199	
96	-199	
96	-199	
96	-199	
96	-199	
96	-199	
96	-199	
96	-199	
96	-199	
96	-199	
96	-199	
96	-199	
96	-199	
96	-199	
96	-199	
96	-199	
96	-199	
96	-199	
96	-199	
96	-199	
96	-199	
167	-159	
167	-159	
167	-159	
167	-159	
167	-159	
167	-159	
167	-159	
167	-159	
167	-159	
167	-159	
167	-159	
167	-159	
167	-159	
167	-159	
167	-159	
167	-159	
167	-159	
167	-159	
167	-159	
167	-159	
167	-159	
167	-159	
167	-159	
167	-159	
102	-183	
102	-183	
102	-183	
102	-183	
102	-183	
102	-183	
102	-183	
102	-183	
102	-183	
102	-183	
102	-183	
102	-183	
102	-183	
102	-183	
102	-183	
102	-183	
102	-183	
102	-183	
102	-183	
102	-183	
102	-183	
102	-183	
102	-183	
102	-183	
102	-183	
102	-183	
156	-142	
156	-142	
156	-142	
156	-142	
156	-142	
156	-142	
156	-142	
156	-142	
156	-142	
156	-142	
156	-142	
156	-142	
156	-142	
156	-142	
156	-142	
156	-142	
156	-142	
156	-142	
156	-142	
156	-142	
156	-142	
156	-142	
156	-142	
156	-142	
156	-142	
156	-142	
109	-175	
109	-175	
109	-175	
109	-175	
109	-175	
109	-175	
109	-175	
109	-175	
109	-175	
109	-175	
109	-175	
109	-175	
109	-175	
109	-175	
109	-175	
109	-175	
109	-175	
109	-175	
109	-175	
109	-175	
109	-175	
109	-175	
109	-175	
109	-175	
140	-135	
140	-135	
140	-135	
140	-135	
140	-135	
140	-135	
140	-135	
140	-135	
140	-135	
140	-135	
140	-135	
140	-135	
140	-135	
140	-135	
140	-135	
140	-135	
140	-135	
140	-135	
140	-135	
140	-135	
140	-135	
140	-135	
140	-135	
140	-135	
140	-135	
140	-135	
120	-183	
120	-183	
120	-183	
120	-183	
120	-183	
120	-183	
120	-183	
120	-183	
120	-183	
120	-183	
120	-183	
120	-183	
120	-183	
120	-183	
120	-183	
120	-183	
120	-183	
120	-183	
120	-183	
120	-183	
120	-183	
120	-183	
120	-183	
120	-183	
120	-183	
120	-183	
124	-136	
124	-136	
124	-136	
124	-136	
124	-136	
124	-136	
124	-136	
124	-136	
124	-136	
124	-136	
124	-136	
124	-136	
124	-136	
124	-136	
124	-136	
124	-136	
124	-136	
124	-136	
124	-136	
124	-136	
124	-136	
124	-136	
124	-136	
124	-136	
129	-199	
129	-199	
129	-199	
129	-199	
129	-199	
129	-199	
129	-199	
129	-199	
129	-199	
129	-199	
129	-199	
129	-199	
129	-199	
129	-199	
129	-199	
129	-199	
129	-199	
129	-199	
129	-199	
129	-199	
129	-199	
129	-199	
129	-199	
129	-199	
129	-199	
129	-199	
105	-147	
105	-147	
105	-147	
105	-147	
105	-147	
105	-147	
105	-147	
105	-147	
105	-147	
105	-147	
105	-147	
105	-147	
105	-147	
105	-147	
105	-147	
105	-147	
105	-147	
105	-147	
105	-147	
105	-147	
105	-147	
105	-147	
105	-147	
105	-147	
105	-147	
132	-215	
132	-215	
132	-215	
132	-215	
132	-215	
132	-215	
132	-215	
132	-215	
132	-215	
132	-215	
132	-215	
132	-215	
132	-215	
132	-215	
132	-215	
132	-215	
132	-215	
132	-215	
132	-215	
132	-215	
132	-215	
132	-215	
132	-215	
132	-215	
132	-215	
94	-166	
94	-166	
94	-166	
94	-166	
94	-166	
94	-166	
94	-166	
94	-166	
94	-166	
94	-166	
94	-166	
94	-166	
94	-166	
94	-166	
94	-166	
94	-166	
94	-166	
94	-166	
94	-166	
94	-166	
94	-166	
94	-166	
94	-166	
94	-166	
94	-166	
94	-166	
143	-222	
143	-222	
143	-222	
143	-222	
143	-222	
143	-222	
143	-222	
143	-222	
143	-222	
143	-222	
143	-222	
143	-222	
143	-222	
143	-222	
143	-222	
143	-222	
143	-222	
143	-222	
143	-222	
143	-222	
143	-222	
143	-222	
143	-222	
143	-222	
95	-188	
95	-188	
95	-188	
95	-188	
95	-188	
95	-188	
95	-188	
95	-188	
95	-188	
95	-188	
95	-188	
95	-188	
95	-188	
95	-188	
95	-188	
95	-188	
95	-188	
95	-188	
95	-188	
95	-188	
95	-188	
95	-188	
95	-188	
95	-188	
95	-188	
95	-188	
157	-213	
157	-213	
157	-213	
157	-213	
157	-213	
157	-213	
157	-213	
157	-213	
157	-213	
157	-213	
157	-213	
157	-213	
157	-213	
157	-213	
157	-213	
157	-213	
157	-213	
157	-213	
157	-213	
157	-213	
157	-213	
157	-213	
157	-213	
157	-213	
157	-213	
157	-213	
97	-204	
97	-204	
97	-204	
97	-204	
97	-204	
97	-204	
97	-204	
97	-204	
97	-204	
97	-204	
97	-204	
97	-204	
97	-204	
97	-204	
97	-204	
97	-204	
97	-204	
97	-204	
97	-204	
97	-204	
97	-204	
97	-204	
97	-204	
97	-204	
168	-198	
168	-198	
168	-198	
168	-198	
168	-198	
168	-198	
168	-198	
168	-198	
168	-198	
168	-198	
168	-198	
168	-198	
168	-198	
168	-198	
168	-198	
168	-198	
168	-198	
168	-198	
168	-198	
168	-198	
168	-198	
168	-198	
168	-198	
168	-198	
168	-198	
95	-208	
95	-208	
95	-208	
95	-208	
95	-208	
95	-208	
95	-208	
95	-208	
95	-208	
95	-208	
95	-208	
95	-208	
95	-208	
95	-208	
95	-208	
95	-208	
95	-208	
95	-208	
95	-208	
95	-208	
95	-208	
95	-208	
95	-208	
95	-208	
95	-208	
95	-208	
171	-178	
171	-178	
171	-178	
171	-178	
171	-178	
171	-178	
171	-178	
171	-178	
171	-178	
171	-178	
171	-178	
171	-178	
171	-178	
171	-178	
171	-178	
171	-178	
171	-178	
171	-178	
171	-178	
171	-178	
171	-178	
171	-178	
171	-178	
171	-178	
100	-198	
100	-198	
100	-198	
100	-198	
100	-198	
100	-198	
100	-198	
100	-198	
100	-198	
100	-198	
100	-198	
100	-198	
100	-198	
100	-198	
100	-198	
100	-198	
100	-198	
100	-198	
100	-198	
100	-198	
100	-198	
100	-198	
100	-198	
100	-198	
100	-198	
100	-198	
167	-155	
167	-155	
167	-155	
167	-155	
167	-155	
167	-155	
167	-155	
167	-155	
167	-155	
167	-155	
167	-155	
167	-155	
167	-155	
167	-155	
167	-155	
167	-155	
167	-155	
167	-155	
167	-155	
167	-155	
167	-155	
167	-155	
167	-155	
167	-155	
167	-155	
167	-155	
106	-181	
106	-181	
106	-181	
106	-181	
106	-181	
106	-181	
106	-181	
106	-181	
106	-181	
106	-181	
106	-181	
106	-181	
106	-181	
106	-181	
106	-181	
106	-181	
106	-181	
106	-181	
106	-181	
106	-181	
106	-181	
106	-181	
106	-181	
106	-181	
154	-139	
154	-139	
154	-139	
154	-139	
154	-139	
154	-139	
154	-139	
154	-139	
154	-139	
154	-139	
154	-139	
154	-139	
154	-139	
154	-139	
154	-139	
154	-139	
154	-139	
154	-139	
154	-139	
154	-139	
154	-139	
154	-139	
154	-139	
154	-139	
154	-139	
154	-139	
113	-177	
113	-177	
113	-177	
113	-177	
113	-177	
113	-177	
113	-177	
113	-177	
113	-177	
113	-177	
113	-177	
113	-177	
113	-177	
113	-177	
113	-177	
113	-177	
113	-177	
113	-177	
113	-177	
113	-177	
113	-177	
113	-177	
113	-177	
113	-177	
113	-177	
113	-177	
138	-135	
138	-135	
138	-135	
138	-135	
138	-135	
138	-135	
138	-135	
138	-135	
138	-135	
138	-135	
138	-135	
138	-135	
138	-135	
138	-135	
138	-135	
138	-135	
138	-135	
138	-135	
138	-135	
138	-135	
138	-135	
138	-135	
138	-135	
138	-135	
124	-186	
124	-186	
124	-186	
124	-186	
124	-186	
124	-186	
124	-186	
124	-186	
124	-186	
124	-186	
124	-186	
124	-186	
124	-186	
124	-186	
124	-186	
124	-186	
124	-186	
124	-186	
124	-186	
124	-186	
124	-186	
124	-186	
124	-186	
124	-186	
124	-186	
124	-186	
119	-136	
119	-136	
119	-136	
119	-136	
119	-136	
119	-136	
119	-136	
119	-136	
119	-136	
119	-136	
119	-136	
119	-136	
119	-136	
119	-136	
119	-136	
119	-136	
119	-136	
119	-136	
119	-136	
119	-136	
119	-136	
119	-136	
119	-136	
119	-136	
119	-136	
119	-136	
131	-202	
131	-202	
131	-202	
131	-202	
131	-202	
131	-202	
131	-202	
131	-202	
131	-202	
131	-202	
131	-202	
131	-202	
131	-202	
131	-202	
131	-202	
131	-202	
131	-202	
131	-202	
131	-202	
131	-202	
131	-202	
131	-202	
131	-202	
131	-202	
103	-149	
103	-149	
103	-149	
103	-149	
103	-149	
103	-149	
103	-149	
103	-149	
103	-149	
103	-149	
103	-149	
103	-149	
103	-149	
103	-149	
103	-149	
103	-149	
103	-149	
103	-149	
103	-149	
103	-149	
103	-149	
103	-149	
103	-149	
103	-149	
103	-149	
103	-149	
137	-218	
137	-218	
137	-218	
137	-218	
137	-218	
137	-218	
137	-218	
137	-218	
137	-218	
137	-218	
137	-218	
137	-218	
137	-218	
137	-218	
137	-218	
137	-218	
137	-218	
137	-218	
137	-218	
137	-218	
137	-218	
137	-218	
137	-218	
137	-218	
137	-218	
137	-218	
96	-173	
96	-173	
96	-173	
96	-173	
96	-173	
96	-173	
96	-173	
96	-173	
96	-173	
96	-173	
96	-173	
96	-173	
96	-173	
96	-173	
96	-173	
96	-173	
96	-173	
96	-173	
96	-173	
96	-173	
96	-173	
96	-173	
96	-173	
96	-173	
147	-221	
147	-221	
147	-221	
147	-221	
147	-221	
147	-221	
147	-221	
147	-221	
147	-221	
147	-221	
147	-221	
147	-221	
147	-221	
147	-221	
147	-221	
147	-221	
147	-221	
147	-221	
147	-221	
147	-221	
147	-221	
147	-221	
147	-221	
147	-221	
147	-221	
147	-221	
95	-193	
95	-193	
95	-193	
95	-193	
95	-193	
95	-193	
95	-193	
95	-193	
95	-193	
95	-193	
95	-193	
95	-193	
95	-193	
95	-193	
95	-193	
95	-193	
95	-193	
95	-193	
95	-193	
95	-193	
95	-193	
95	-193	
95	-193	
95	-193	
160	-209	
160	-209	
160	-209	
160	-209	
160	-209	
160	-209	
160	-209	
160	-209	
160	-209	
160	-209	
160	-209	
160	-209	
160	-209	
160	-209	
160	-209	
160	-209	
160	-209	
160	-209	
160	-209	
160	-209	
160	-209	
160	-209	
160	-209	
160	-209	
160	-209	
160	-209	
93	-205	
93	-205	
93	-205	
93	-205	
93	-205	
93	-205	
93	-205	
93	-205	
93	-205	
93	-205	
93	-205	
93	-205	
93	-205	
93	-205	
93	-205	
93	-205	
93	-205	
93	-205	
93	-205	
93	-205	
93	-205	
93	-205	
93	-205	
93	-205	
93	-205	
93	-205	
167	-190	
167	-190	
167	-190	
167	-190	
167	-190	
167	-190	
167	-190	
167	-190	
167	-190	
167	-190	
167	-190	
167	-190	
167	-190	
167	-190	
167	-190	
167	-190	
167	-190	
167	-190	
167	-190	
167	-190	
167	-190	
167	-190	
167	-190	
167	-190	
95	-206	
95	-206	
95	-206	
95	-206	
95	-206	
95	-206	
95	-206	
95	-206	
95	-206	
95	-206	
95	-206	
95	-206	
95	-206	
95	-206	
95	-206	
95	-206	
95	-206	
95	-206	
95	-206	
95	-206	
95	-206	
95	-206	
95	-206	
95	-206	
95	-206	
95	-206	
169	-170	
169	-170	
169	-170	
169	-170	
169	-170	
169	-170	
169	-170	
169	-170	
169	-170	
169	-170	
169	-170	
169	-170	
169	-170	
169	-170	
169	-170	
169	-170	
169	-170	
169	-170	
169	-170	
169	-170	
169	-170	
169	-170	
169	-170	
169	-170	
169	-170	
169	-170	
100	-191	
100	-191	
100	-191	
100	-191	
100	-191	
100	-191	
100	-191	
100	-191	
100	-191	
100	-191	
100	-191	
100	-191	
100	-191	
100	-191	
100	-191	
100	-191	
100	-191	
100	-191	
100	-191	
100	-191	
100	-191	
100	-191	
100	-191	
100	-191	
162	-148	
162	-148	
162	-148	
162	-148	
162	-148	
162	-148	
162	-148	
162	-148	
162	-148	
162	-148	
162	-148	
162	-148	
162	-148	
162	-148	
162	-148	
162	-148	
162	-148	
162	-148	
162	-148	
162	-148	
162	-148	
162	-148	
162	-148	
162	-148	
162	-148	
162	-148	
105	-177	
105	-177	
105	-177	
105	-177	
105	-177	
105	-177	
105	-177	
105	-177	
105	-177	
105	-177	
105	-177	
105	-177	
105	-177	
105	-177	
105	-177	
105	-177	
105	-177	
105	-177	
105	-177	
105	-177	
105	-177	
105	-177	
105	-177	
105	-177	
105	-177	
105	-177	
148	-136	
148	-136	
148	-136	
148	-136	
148	-136	
148	-136	
148	-136	
148	-136	
148	-136	
148	-136	
148	-136	
148	-136	
148	-136	
148	-136	
148	-136	
148	-136	
148	-136	
148	-136	
148	-136	
148	-136	
148	-136	
148	-136	
148	-136	
148	-136	
116	-178	
116	-178	
116	-178	
116	-178	
116	-178	
116	-178	
116	-178	
116	-178	
116	-178	
116	-178	
116	-178	
116	-178	
116	-178	
116	-178	
116	-178	
116	-178	
116	-178	
116	-178	
116	-178	
116	-178	
116	-178	
116	-178	
116	-178	
116	-178	
116	-178	
116	-178	
133	-136	
133	-136	
133	-136	
133	-136	
133	-136	
133	-136	
133	-136	
133	-136	
133	-136	
133	-136	
133	-136	
133	-136	
133	-136	
133	-136	
133	-136	
133	-136	
133	-136	
133	-136	
133	-136	
133	-136	
133	-136	
133	-136	
133	-136	
133	-136	
133	-136	
133	-136	
127	-193	
127	-193	
127	-193	
127	-193	
127	-193	
127	-193	
127	-193	
127	-193	
127	-193	
127	-193	
127	-193	
127	-193	
127	-193	
127	-193	
127	-193	
127	-193	
127	-193	
127	-193	
127	-193	
127	-193	
127	-193	
127	-193	
127	-193	
127	-193	
115	-142	
115	-142	
115	-142	
115	-142	
115	-142	
115	-142	
115	-142	
115	-142	
115	-142	
115	-142	
115	-142	
115	-142	
115	-142	
115	-142	
115	-142	
115	-142	
115	-142	
115	-142	
115	-142	
115	-142	
115	-142	
115	-142	
115	-142	
115	-142	
115	-142	
115	-142	
134	-209	
134	-209	
134	-209	
134	-209	
134	-209	
134	-209	
134	-209	
134	-209	
134	-209	
134	-209	
134	-209	
134	-209	
134	-209	
134	-209	
134	-209	
134	-209	
134	-209	
134	-209	
134	-209	
134	-209	
134	-209	
134	-209	
134	-209	
134	-209	
134	-209	
134	-209	
101	-158	
101	-158	
101	-158	
101	-158	
101	-158	
101	-158	
101	-158	
101	-158	
101	-158	
101	-158	
101	-158	
101	-158	
101	-158	
101	-158	
101	-158	
101	-158	
101	-158	
101	-158	
101	-158	
101	-158	
101	-158	
101	-158	
101	-158	
101	-158	
141	-223	
141	-223	
141	-223	
141	-223	
141	-223	
141	-223	
141	-223	
141	-223	
141	-223	
141	-223	
141	-223	
141	-223	
141	-223	
141	-223	
141	-223	
141	-223	
141	-223	
141	-223	
141	-223	
141	-223	
141	-223	
141	-223	
141	-223	
141	-223	
141	-223	
141	-223	
97	-181	
97	-181	
97	-181	
97	-181	
97	-181	
97	-181	
97	-181	
97	-181	
97	-181	
97	-181	
97	-181	
97	-181	
97	-181	
97	-181	
97	-181	
97	-181	
97	-181	
97	-181	
97	-181	
97	-181	
97	-181	
97	-181	
97	-181	
97	-181	
97	-181	
97	-181	
153	-221	
153	-221	
153	-221	
153	-221	
153	-221	
153	-221	
153	-221	
153	-221	
153	-221	
153	-221	
153	-221	
153	-221	
153	-221	
153	-221	
153	-221	
153	-221	
153	-221	
153	-221	
153	-221	
153	-221	
153	-221	
153	-221	
153	-221	
153	-221	
96	-199	
96	-199	
96	-199	
96	-199	
96	-199	
96	-199	
96	-199	
96	-199	
96	-199	
96	-199	
96	-199	
96	-199	
96	-199	
96	-199	
96	-199	
96	-199	
96	-199	
96	-199	
96	-199	
96	-199	
96	-199	
96	-199	
96	-199	
96	-199	
96	-199	
96	-199	
163	-204	
163	-204	
163	-204	
163	-204	
163	-204	
163	-204	
163	-204	
163	-204	
163	-204	
163	-204	
163	-204	
163	-204	
163	-204	
163	-204	
163	-204	
163	-204	
163	-204	
163	-204	
163	-204	
163	-204	
163	-204	
163	-204	
163	-204	
163	-204	
163	-204	
163	-204	
93	-206	
93	-206	
93	-206	
93	-206	
93	-206	
93	-206	
93	-206	
93	-206	
93	-206	
93	-206	
93	-206	
93	-206	
93	-206	
93	-206	
93	-206	
93	-206	
93	-206	
93	-206	
93	-206	
93	-206	
93	-206	
93	-206	
93	-206	
93	-206	
167	-184	
167	-184	
167	-184	
167	-184	
167	-184	
167	-184	
167	-184	
167	-184	
167	-184	
167	-184	
167	-184	
167	-184	
167	-184	
167	-184	
167	-184	
167	-184	
167	-184	
167	-184	
167	-184	
167	-184	
167	-184	
167	-184	
167	-184	
167	-184	
167	-184	
167	-184	
94	-201	
94	-201	
94	-201	
94	-201	
94	-201	
94	-201	
94	-201	
94	-201	
94	-201	
94	-201	
94	-201	
94	-201	
94	-201	
94	-201	
94	-201	
94	-201	
94	-201	
94	-201	
94	-201	
94	-201	
94	-201	
94	-201	
94	-201	
94	-201	
166	-161	
166	-161	
166	-161	
166	-161	
166	-161	
166	-161	
166	-161	
166	-161	
166	-161	
166	-161	
166	-161	
166	-161	
166	-161	
166	-161	
166	-161	
166	-161	
166	-161	
166	-161	
166	-161	
166	-161	
166	-161	
166	-161	
166	-161	
166	-161	
166	-161	
166	-161	
99	-184	
99	-184	
99	-184	
99	-184	
99	-184	
99	-184	
99	-184	
99	-184	
99	-184	
99	-184	
99	-184	
99	-184	
99	-184	
99	-184	
99	-184	
99	-184	
99	-184	
99	-184	
99	-184	
99	-184	
99	-184	
99	-184	
99	-184	
99	-184	
99	-184	
99	-184	
156	-142	
156	-142	
156	-142	
156	-142	
156	-142	
156	-142	
156	-142	
156	-142	
156	-142	
156	-142	
156	-142	
156	-142	
156	-142	
156	-142	
156	-142	
156	-142	
156	-142	
156	-142	
156	-142	
156	-142	
156	-142	
156	-142	
156	-142	
105	-174	
105	-174	
105	-174	
105	-174	
105	-174	
105	-174	
105	-174	
105	-174	
105	-174	
105	-174	
105	-174	
105	-174	
105	-174	
105	-174	
105	-174	
105	-174	
105	-174	
105	-174	
105	-174	
105	-174	
105	-174	
105	-174	
105	-174	
105	-174	
105	-174	
105	-174	
105	-174	
141	-133	
141	-133	
141	-133	
141	-133	
141	-133	
141	-133	
141	-133	
141	-133	
141	-133	
141	-133	
141	-133	
141	-133	
141	-133	
141	-133	
141	-133	
141	-133	
141	-133	
141	-133	
141	-133	
141	-133	
141	-133	
141	-133	
141	-133	
141	-133	
141	-133	
141	-133	
116	-180	
116	-180	
116	-180	
116	-180	
116	-180	
116	-180	
116	-180	
116	-180	
116	-180	
116	-180	
116	-180	
116	-180	
116	-180	
116	-180	
116	-180	
116	-180	
116	-180	
116	-180	
116	-180	
116	-180	
116	-180	
116	-180	
116	-180	
116	-180	
125	-134	
125	-134	
125	-134	
125	-134	
125	-134	
125	-134	
125	-134	
125	-134	
125	-134	
125	-134	
125	-134	
125	-134	
125	-134	
125	-134	
125	-134	
125	-134	
125	-134	
125	-134	
125	-134	
125	-134	
125	-134	
125	-134	
125	-134	
125	-134	
125	-134	
127	-194	
127	-194	
127	-194	
127	-194	
127	-194	
127	-194	
127	-194	
127	-194	
127	-194	
127	-194	
127	-194	
127	-194	
127	-194	
127	-194	
127	-194	
127	-194	
127	-194	
127	-194	
127	-194	
127	-194	
127	-194	
127	-194	
127	-194	
127	-194	
127	-194	
127	-194	
127	-194	
107	-142	
107	-142	
107	-142	
107	-142	
107	-142	
107	-142	
107	-142	
107	-142	
107	-142	
107	-142	
107	-142	
107	-142	
107	-142	
107	-142	
107	-142	
107	-142	
107	-142	
107	-142	
107	-142	
107	-142	
107	-142	
107	-142	
107	-142	
107	-142	
132	-211	
132	-211	
132	-211	
132	-211	
132	-211	
132	-211	
132	-211	
132	-211	
132	-211	
132	-211	
132	-211	
132	-211	
132	-211	
132	-211	
132	-211	
132	-211	
132	-211	
132	-211	
132	-211	
132	-211	
132	-211	
132	-211	
132	-211	
132	-211	
132	-211	
132	-211	
96	-161	
96	-161	
96	-161	
96	-161	
96	-161	
96	-161	
96	-161	
96	-161	
96	-161	
96	-161	
96	-161	
96	-161	
96	-161	
96	-161	
96	-161	
96	-161	
96	-161	
96	-161	
96	-161	
96	-161	
96	-161	
96	-161	
96	-161	
96	-161	
96	-161	
96	-161	
141	-221	
141	-221	
141	-221	
141	-221	
141	-221	
141	-221	
141	-221	
141	-221	
141	-221	
141	-221	
141	-221	
141	-221	
141	-221	
141	-221	
141	-221	
141	-221	
141	-221	
141	-221	
141	-221	
141	-221	
141	-221	
141	-221	
141	-221	
141	-221	
95	-184	
95	-184	
95	-184	
95	-184	
95	-184	
95	-184	
95	-184	
95	-184	
95	-184	
95	-184	
95	-184	
95	-184	
95	-184	
95	-184	
95	-184	
95	-184	
95	-184	
95	-184	
95	-184	
95	-184	
95	-184	
95	-184	
95	-184	
95	-184	
95	-184	
95	-184	
155	-214	
155	-214	
155	-214	
155	-214	
155	-214	
155	-214	
155	-214	
155	-214	
155	-214	
155	-214	
155	-214	
155	-214	
155	-214	
155	-214	
155	-214	
155	-214	
155	-214	
155	-214	
155	-214	
155	-214	
155	-214	
155	-214	
155	-214	
155	-214	
155	-214	
155	-214	
94	-199	
94	-199	
94	-199	
94	-199	
94	-199	
94	-199	
94	-199	
94	-199	
94	-199	
94	-199	
94	-199	
94	-199	
94	-199	
94	-199	
94	-199	
94	-199	
94	-199	
94	-199	
94	-199	
94	-199	
94	-199	
94	-199	
94	-199	
165	-196	
165	-196	
165	-196	
165	-196	
165	-196	
165	-196	
165	-196	
165	-196	
165	-196	
165	-196	
165	-196	
165	-196	
165	-196	
165	-196	
165	-196	
165	-196	
165	-196	
165	-196	
165	-196	
165	-196	
165	-196	
165	-196	
165	-196	
165	-196	
165	-196	
165	-196	
165	-196	
93	-205	
93	-205	
93	-205	
93	-205	
93	-205	
93	-205	
93	-205	
93	-205	
93	-205	
93	-205	
93	-205	
93	-205	
93	-205	
93	-205	
93	-205	
93	-205	
93	-205	
93	-205	
93	-205	
93	-205	
93	-205	
93	-205	
93	-205	
93	-205	
93	-205	
93	-205	
169	-177	
169	-177	
169	-177	
169	-177	
169	-177	
169	-177	
169	-177	
169	-177	
169	-177	
169	-177	
169	-177	
169	-177	
169	-177	
169	-177	
169	-177	
169	-177	
169	-177	
169	-177	
169	-177	
169	-177	
169	-177	
169	-177	
169	-177	
97	-197	
97	-197	
97	-197	
97	-197	
97	-197	
97	-197	
97	-197	
97	-197	
97	-197	
97	-197	
97	-197	
97	-197	
97	-197	
97	-197	
97	-197	
97	-197	
97	-197	
97	-197	
97	-197	
97	-197	
97	-197	
97	-197	
97	-197	
97	-197	
97	-197	
97	-197	
97	-197	
166	-155	
166	-155	
166	-155	
166	-155	
166	-155	
166	-155	
166	-155	
166	-155	
166	-155	
166	-155	
166	-155	
166	-155	
166	-155	
166	-155	
166	-155	
166	-155	
166	-155	
166	-155	
166	-155	
166	-155	
166	-155	
166	-155	
166	-155	
166	-155	
103	-181	
103	-181	
103	-181	
103	-181	
103	-181	
103	-181	
103	-181	
103	-181	
103	-181	
103	-181	
103	-181	
103	-181	
103	-181	
103	-181	
103	-181	
103	-181	
103	-181	
103	-181	
103	-181	
103	-181	
103	-181	
103	-181	
103	-181	
103	-181	
103	-181	
103	-181	
153	-138	
153	-138	
153	-138	
153	-138	
153	-138	
153	-138	
153	-138	
153	-138	
153	-138	
153	-138	
153	-138	
153	-138	
153	-138	
153	-138	
153	-138	
153	-138	
153	-138	
153	-138	
153	-138	
153	-138	
153	-138	
153	-138	
153	-138	
153	-138	
153	-138	
153	-138	
109	-174	
109	-174	
109	-174	
109	-174	
109	-174	
109	-174	
109	-174	
109	-174	
109	-174	
109	-174	
109	-174	
109	-174	
109	-174	
109	-174	
109	-174	
109	-174	
109	-174	
109	-174	
109	-174	
109	-174	
109	-174	
109	-174	
109	-174	
109	-174	
137	-133	
137	-133	
137	-133	
137	-133	
137	-133	
137	-133	
137	-133	
137	-133	
137	-133	
137	-133	
137	-133	
137	-133	
137	-133	
137	-133	
137	-133	
137	-133	
137	-133	
137	-133	
137	-133	
137	-133	
137	-133	
137	-133	
137	-133	
137	-133	
137	-133	
137	-133	
121	-183	
121	-183	
121	-183	
121	-183	
121	-183	
121	-183	
121	-183	
121	-183	
121	-183	
121	-183	
121	-183	
121	-183	
121	-183	
121	-183	
121	-183	
121	-183	
121	-183	
121	-183	
121	-183	
121	-183	
121	-183	
121	-183	
121	-183	
121	-183	
121	-183	
121	-183	
120	-135	
120	-135	
120	-135	
120	-135	
120	-135	
120	-135	
120	-135	
120	-135	
120	-135	
120	-135	
120	-135	
120	-135	
120	-135	
120	-135	
120	-135	
120	-135	
120	-135	
120	-135	
120	-135	
120	-135	
120	-135	
120	-135	
120	-135	
131	-200	
131	-200	
131	-200	
131	-200	
131	-200	
131	-200	
131	-200	
131	-200	
131	-200	
131	-200	
131	-200	
131	-200	
131	-200	
131	-200	
131	-200	
131	-200	
131	-200	
131	-200	
131	-200	
131	-200	
131	-200	
131	-200	
131	-200	
131	-200	
131	-200	
131	-200	
131	-200	
104	-147	
104	-147	
104	-147	
104	-147	
104	-147	
104	-147	
104	-147	
104	-147	
104	-147	
104	-147	
104	-147	
104	-147	
104	-147	
104	-147	
104	-147	
104	-147	
104	-147	
104	-147	
104	-147	
104	-147	
104	-147	
104	-147	
104	-147	
104	-147	
104	-147	
104	-147	
136	-217	
136	-217	
136	-217	
136	-217	
136	-217	
136	-217	
136	-217	
136	-217	
136	-217	
136	-217	
136	-217	
136	-217	
136	-217	
136	-217	
136	-217	
136	-217	
136	-217	
136	-217	
136	-217	
136	-217	
136	-217	
136	-217	
136	-217	
136	-217	
96	-169	
96	-169	
96	-169	
96	-169	
96	-169	
96	-169	
96	-169	
96	-169	
96	-169	
96	-169	
96	-169	
96	-169	
96	-169	
96	-169	
96	-169	
96	-169	
96	-169	
96	-169	
96	-169	
96	-169	
96	-169	
96	-169	
96	-169	
96	-169	
96	-169	
96	-169	
146	-222	
146	-222	
146	-222	
146	-222	
146	-222	
146	-222	
146	-222	
146	-222	
146	-222	
146	-222	
146	-222	
146	-222	
146	-222	
146	-222	
146	-222	
146	-222	
146	-222	
146	-222	
146	-222	
146	-222	
146	-222	
146	-222	
146	-222	
146	-222	
146	-222	
146	-222	
95	-191	
95	-191	
95	-191	
95	-191	
95	-191	
95	-191	
95	-191	
95	-191	
95	-191	
95	-191	
95	-191	
95	-191	
95	-191	
95	-191	
95	-191	
95	-191	
95	-191	
95	-191	
95	-191	
95	-191	
95	-191	
95	-191	
95	-191	
159	-211	
159	-211	
159	-211	
159	-211	
159	-211	
159	-211	
159	-211	
159	-211	
159	-211	
159	-211	
159	-211	
159	-211	
159	-211	
159	-211	
159	-211	
159	-211	
159	-211	
159	-211	
159	-211	
159	-211	
159	-211	
159	-211	
159	-211	
159	-211	
159	-211	
159	-211	
94	-204	
94	-204	
94	-204	
94	-204	
94	-204	
94	-204	
94	-204	
94	-204	
94	-204	
94	-204	
94	-204	
94	-204	
94	-204	
94	-204	
94	-204	
94	-204	
94	-204	
94	-204	
94	-204	
94	-204	
94	-204	
94	-204	
94	-204	
94	-204	
94	-204	
94	-204	
166	-192	
166	-192	
166	-192	
166	-192	
166	-192	
166	-192	
166	-192	
166	-192	
166	-192	
166	-192	
166	-192	
166	-192	
166	-192	
166	-192	
166	-192	
166	-192	
166	-192	
166	-192	
166	-192	
166	-192	
166	-192	
166	-192	
166	-192	
166	-192	
93	-205	
93	-205	
93	-205	
93	-205	
93	-205	
93	-205	
93	-205	
93	-205	
93	-205	
93	-205	
93	-205	
93	-205	
93	-205	
93	-205	
93	-205	
93	-205	
93	-205	
93	-205	
93	-205	
93	-205	
93	-205	
93	-205	
93	-205	
93	-205	
93	-205	
93	-205	
168	-171	
168	-171	
168	-171	
168	-171	
168	-171	
168	-171	
168	-171	
168	-171	
168	-171	
168	-171	
168	-171	
168	-171	
168	-171	
168	-171	
168	-171	
168	-171	
168	-171	
168	-171	
168	-171	
168	-171	
168	-171	
168	-171	
168	-171	
168	-171	
168	-171	
168	-171	
98	-191	
98	-191	
98	-191	
98	-191	
98	-191	
98	-191	
98	-191	
98	-191	
98	-191	
98	-191	
98	-191	
98	-191	
98	-191	
98	-191	
98	-191	
98	-191	
98	-191	
98	-191	
98	-191	
98	-191	
98	-191	
98	-191	
98	-191	
98	-191	
162	-149	
162	-149	
162	-149	
162	-149	
162	-149	
162	-149	
162	-149	
162	-149	
162	-149	
162	-149	
162	-149	
162	-149	
162	-149	
162	-149	
162	-149	
162	-149	
162	-149	
162	-149	
162	-149	
162	-149	
162	-149	
162	-149	
162	-149	
162	-149	
162	-149	
162	-149	
103	-178	
103	-178	
103	-178	
103	-178	
103	-178	
103	-178	
103	-178	
103	-178	
103	-178	
103	-178	
103	-178	
103	-178	
103	-178	
103	-178	
103	-178	
103	-178	
103	-178	
103	-178	
103	-178	
103	-178	
103	-178	
103	-178	
103	-178	
103	-178	
148	-137	
148	-137	
148	-137	
148	-137	
148	-137	
148	-137	
148	-137	
148	-137	
148	-137	
148	-137	
148	-137	
148	-137	
148	-137	
148	-137	
148	-137	
148	-137	
148	-137	
148	-137	
148	-137	
148	-137	
148	-137	
148	-137	
148	-137	
148	-137	
148	-137	
148	-137	
112	-178	
112	-178	
112	-178	
112	-178	
112	-178	
112	-178	
112	-178	
112	-178	
112	-178	
112	-178	
112	-178	
112	-178	
112	-178	
112	-178	
112	-178	
112	-178	
112	-178	
112	-178	
112	-178	
112	-178	
112	-178	
112	-178	
112	-178	
112	-178	
112	-178	
112	-178	
131	-135	
131	-135	
131	-135	
131	-135	
131	-135	
131	-135	
131	-135	
131	-135	
131	-135	
131	-135	
131	-135	
131	-135	
131	-135	
131	-135	
131	-135	
131	-135	
131	-135	
131	-135	
131	-135	
131	-135	
131	-135	
131	-135	
131	-135	
131	-135	
123	-190	
123	-190	
123	-190	
123	-190	
123	-190	
123	-190	
123	-190	
123	-190	
123	-190	
123	-190	
123	-190	
123	-190	
123	-190	
123	-190	
123	-190	
123	-190	
123	-190	
123	-190	
123	-190	
123	-190	
123	-190	
123	-190	
123	-190	
123	-190	
123	-190	
123	-190	
114	-139	
114	-139	
114	-139	
114	-139	
114	-139	
114	-139	
114	-139	
114	-139	
114	-139	
114	-139	
114	-139	
114	-139	
114	-139	
114	-139	
114	-139	
114	-139	
114	-139	
114	-139	
114	-139	
114	-139	
114	-139	
114	-139	
114	-139	
114	-139	
114	-139	
114	-139	
131	-207	
131	-207	
131	-207	
131	-207	
131	-207	
131	-207	
131	-207	
131	-207	
131	-207	
131	-207	
131	-207	
131	-207	
131	-207	
131	-207	
131	-207	
131	-207	
131	-207	
131	-207	
131	-207	
131	-207	
131	-207	
131	-207	
131	-207	
131	-207	
99	-155	
99	-155	
99	-155	
99	-155	
99	-155	
99	-155	
99	-155	
99	-155	
99	-155	
99	-155	
99	-155	
99	-155	
99	-155	
99	-155	
99	-155	
99	-155	
99	-155	
99	-155	
99	-155	
99	-155	
99	-155	
99	-155	
99	-155	
99	-155	
99	-155	
99	-155	
138	-221	
138	-221	
138	-221	
138	-221	
138	-221	
138	-221	
138	-221	
138	-221	
138	-221	
138	-221	
138	-221	
138	-221	
138	-221	
138	-221	
138	-221	
138	-221	
138	-221	
138	-221	
138	-221	
138	-221	
138	-221	
138	-221	
138	-221	
138	-221	
138	-221	
138	-221	
96	-178	
96	-178	
96	-178	
96	-178	
96	-178	
96	-178	
96	-178	
96	-178	
96	-178	
96	-178	
96	-178	
96	-178	
96	-178	
96	-178	
96	-178	
96	-178	
96	-178	
96	-178	
96	-178	
96	-178	
96	-178	
96	-178	
96	-178	
96	-178	
151	-221	
151	-221	
151	-221	
151	-221	
151	-221	
151	-221	
151	-221	
151	-221	
151	-221	
151	-221	
151	-221	
151	-221	
151	-221	
151	-221	
151	-221	
151	-221	
151	-221	
151	-221	
151	-221	
151	-221	
151	-221	
151	-221	
151	-221	
151	-221	
151	-221	
151	-221	
97	-196	
97	-196	
97	-196	
97	-196	
97	-196	
97	-196	
97	-196	
97	-196	
97	-196	
97	-196	
97	-196	
97	-196	
97	-196	
97	-196	
97	-196	
97	-196	
97	-196	
97	-196	
97	-196	
97	-196	
97	-196	
97	-196	
97	-196	
97	-196	
97	-196	
97	-196	
163	-204	
163	-204	
163	-204	
163	-204	
163	-204	
163	-204	
163	-204	
163	-204	
163	-204	
163	-204	
163	-204	
163	-204	
163	-204	
163	-204	
163	-204	
163	-204	
163	-204	
163	-204	
163	-204	
163	-204	
163	-204	
163	-204	
163	-204	
163	-204	
93	-204	
93	-204	
93	-204	
93	-204	
93	-204	
93	-204	
93	-204	
93	-204	
93	-204	
93	-204	
93	-204	
93	-204	
93	-204	
93	-204	
93	-204	
93	-204	
93	-204	
93	-204	
93	-204	
93	-204	
93	-204	
93	-204	
93	-204	
93	-204	
93	-204	
93	-204	
167	-184	
167	-184	
167	-184	
167	-184	
167	-184	
167	-184	
167	-184	
167	-184	
167	-184	
167	-184	
167	-184	
167	-184	
167	-184	
167	-184	
167	-184	
167	-184	
167	-184	
167	-184	
167	-184	
167	-184	
167	-184	
167	-184	
167	-184	
167	-184	
167	-184	
167	-184	
93	-201	
93	-201	
93	-201	
93	-201	
93	-201	
93	-201	
93	-201	
93	-201	
93	-201	
93	-201	
93	-201	
93	-201	
93	-201	
93	-201	
93	-201	
93	-201	
93	-201	
93	-201	
93	-201	
93	-201	
93	-201	
93	-201	
93	-201	
93	-201	
166	-163	
166	-163	
166	-163	
166	-163	
166	-163	
166	-163	
166	-163	
166	-163	
166	-163	
166	-163	
166	-163	
166	-163	
166	-163	
166	-163	
166	-163	
166	-163	
166	-163	
166	-163	
166	-163	
166	-163	
166	-163	
166	-163	
166	-163	
166	-163	
166	-163	
166	-163	
98	-186	
98	-186	
98	-186	
98	-186	
98	-186	
98	-186	
98	-186	
98	-186	
98	-186	
98	-186	
98	-186	
98	-186	
98	-186	
98	-186	
98	-186	
98	-186	
98	-186	
98	-186	
98	-186	
98	-186	
98	-186	
98	-186	
98	-186	
98	-186	
98	-186	
98	-186	
158	-144	
158	-144	
158	-144	
158	-144	
158	-144	
158	-144	
158	-144	
158	-144	
158	-144	
158	-144	
158	-144	
158	-144	
158	-144	
158	-144	
158	-144	
158	-144	
158	-144	
158	-144	
158	-144	
158	-144	
158	-144	
158	-144	
158	-144	
158	-144	
105	-175	
105	-175	
105	-175	
105	-175	
105	-175	
105	-175	
105	-175	
105	-175	
105	-175	
105	-175	
105	-175	
105	-175	
105	-175	
105	-175	
105	-175	
105	-175	
105	-175	
105	-175	
105	-175	
105	-175	
105	-175	
105	-175	
105	-175	
105	-175	
105	-175	
105	-175	
105	-175	
105	-175	
105	-175	
105	-175	
105	-175	
105	-175	
105	-175	
105	-175	
105	-175	
105	-175	
105	-175	
105	-175	
105	-175	
105	-175	
105	-175	
105	-175	
105	-175	
105	-175	
105	-175	
105	-175	
105	-175	
105	-175	
105	-175	
105	-175	
105	-175	
105	-175	
105	-175	
105	-175	
105	-175	
105	-175	
105	-175	
105	-175	
105	-175	
105	-175	
105	-175	
105	-175	
105	-175	
105	-175	
105	-175	
105	-175	
105	-175	
105	-175	
105	-175	
105	-175	
105	-175	
105	-175	
105	-175	
105	-175	
105	-175	
105	-175	
105	-175	
105	-175	
105	-175	
105	-175	
105	-175	
105	-175	
105	-175	
105	-175	
105	-175	
105	-175	
105	-175	
105	-175	
105	-175	
105	-175	
105	-175	
105	-175	
105	-175	
105	-175	
105	-175	
105	-175	
105	-175	
105	-175	
105	-175	
105	-175	
105	-175	
105	-175	
105	-175	
105	-175	
105	-175	
105	-175	
105	-175	
105	-175	
105	-175	
105	-175	
105	-175	
105	-175	
105	-175	
105	-175	
105	-175	
105	-175	
105	-175	
105	-175	
105	-175	
105	-175	
105	-175	
105	-175	
105	-175	
105	-175	
105	-175	
105	-175	
105	-175	
105	-175	
105	-175	
105	-175	
105	-175	
105	-175	
105	-175	
105	-175	
105	-175	
105	-175	
105	-175	
105	-175	
105	-175	
105	-175	
105	-175	
105	-175	
105	-175	
105	-175	
105	-175	
105	-175	
105	-175	
105	-175	
105	-175	
105	-175	
105	-175	
105	-175	
105	-175	
105	-175	
105	-175	
105	-175	
105	-175	
105	-175	
105	-175	
105	-175	
105	-175	
105	-175	
105	-175	
105	-175	
105	-175	
105	-175	
105	-175	
105	-175	
105	-175	
105	-175	
105	-175	
105	-175	
105	-175	
105	-175	
105	-175	
105	-175	
105	-175	
105	-175	
105	-175	
105	-175	
105	-175	
105	-175	
105	-175	
105	-175	
105	-175	
105	-175	
105	-175	
105	-175	
105	-175	
105	-175	
105	-175	
105	-175	
105	-175	
105	-175	
105	-175	
105	-175	
105	-175	
105	-175	
105	-175	
105	-175	
105	-175	
105	-175	
105	-175	
105	-175	
105	-175	
105	-175	
105	-175	
105	-175	
105	-175	
105	-175	
105	-175	
105	-175	
105	-175	
105	-175	
105	-175	
105	-175	
105	-175	
105	-175	
105	-175	
105	-175	
105	-175	
105	-175	
105	-175	
105	-175	
105	-175	
105	-175	
105	-175	
105	-175	
105	-175	
105	-175	
105	-175	
105	-175	
105	-175	
105	-175	
105	-175	
105	-175	
105	-175	
105	-175	
105	-175	
105	-175	
105	-175	
105	-175	
105	-175	
105	-175	
105	-175	
105	-175	
105	-175	
105	-175	
105	-175	
105	-175	
105	-175	
105	-175	
105	-175	
105	-175	
105	-175	
105	-175	
105	-175	
105	-175	
105	-175	
105	-175	
105	-175	
105	-175	
105	-175	
105	-175	
105	-175	
105	-175	
105	-175	
105	-175	
105	-175	
105	-175	
105	-175	
105	-175	
105	-175	
105	-175	
105	-175	
105	-175	
105	-175	
105	-175	
105	-175	
105	-175	
105	-175	
105	-175	
105	-175	
105	-175	
105	-175	
105	-175	
105	-175	
105	-175	
105	-175	
105	-175	
105	-175	
105	-175	
105	-175	
105	-175	
105	-175	
105	-175	
105	-175	
105	-175	
105	-175	
105	-175	
105	-175	
105	-175	
105	-175	
105	-175	
105	-175	
105	-175	
105	-175	
105	-175	
105	-175	
105	-175	
105	-175	
105	-175	
105	-175	
105	-175	
105	-175	
105	-175	
105	-175	
105	-175	
105	-175	
105	-175	
105	-175	
105	-175	
105	-175	
105	-175	
105	-175	
105	-175	
105	-175	
105	-175	
105	-175	
105	-175	
105	-175	
105	-175	
105	-175	
105	-175	
105	-175	
105	-175	
105	-175	
105	-175	
105	-175	
105	-175	
105	-175	
105	-175	
105	-175	
105	-175	
105	-175	
105	-175	
105	-175	
105	-175	
105	-175	
105	-175	
105	-175	
105	-175	
105	-175	
105	-175	
105	-175	
105	-175	
105	-175	
105	-175	
105	-175	
105	-175	
105	-175	
105	-175	
105	-175	
105	-175	
105	-175	
105	-175	
105	-175	
105	-175	
105	-175	
105	-175	
105	-175	
105	-175	
105	-175	
105	-175	
105	-175	
105	-175	
105	-175	
105	-175	
105	-175	
105	-175	
105	-175	
105	-175	
105	-175	
105	-175	
105	-175	
105	-175	
105	-175	
105	-175	
105	-175	
105	-175	
105	-175	
105	-175	
105	-175	
105	-175	
105	-175	
105	-175	
105	-175	
105	-175	
105	-175	
105	-175	
105	-175	
105	-175	
105	-175	
105	-175	
105	-175	
105	-175	
105	-175	
105	-175	
105	-175	
105	-175	
105	-175	
105	-175	
105	-175	
105	-175	
105	-175	
105	-175	
105	-175	
105	-175	
105	-175	
105	-175	
105	-175	
105	-175	
105	-175	
105	-175	
105	-175	
105	-175	
105	-175	
105	-175	
105	-175	
105	-175	
105	-175	
105	-175	
105	-175	
105	-175	
105	-175	
105	-175	
105	-175	
105	-175	
105	-175	
105	-175	
105	-175	
105	-175	
105	-175	
105	-175	
105	-175	
105	-175	
105	-175	
105	-175	
105	-175	
105	-175	
105	-175	
105	-175	
105	-175	
105	-175	
105	-175	
105	-175	
105	-175	
105	-175	
105	-175	
105	-175	
105	-175	
105	-175	
105	-175	
105	-175	
105	-175	
105	-175	
105	-175	
105	-175	
105	-175	
105	-175	
105	-175	
105	-175	
105	-175	
105	-175	
105	-175	
105	-175	
105	-175	
105	-175	
105	-175	
105	-175	
105	-175	
105	-175	
105	-175	
105	-175	
105	-175	
105	-175	
105	-175	
105	-175	
105	-175	
105	-175	
105	-175	
105	-175	
105	-175	
105	-175	
105	-175	
105	-175	
105	-175	
105	-175	
105	-175	
105	-175	
105	-175	
105	-175	
105	-175	
105	-175	
105	-175	
105	-175	
105	-175	
105	-175	
